122106025
122108038
122105021
122105022
122106033
122105023
122105024
105102088
105105105
105105106
105101082
105105107
105106118
105101084
105105108
105107123
105106119
106105079
106105077
106102062
106106090
106105081
106106093
106105082
106102064
106105083
106105084
106102065
106104074
106101061
106108102
117105079
117105080
117106089
117105082
108101037
108102045
108105060
108105062
108105064
108104049
108101038
108105067
108104052
112105124
112107143
112107145
112105126
112106138
112105128
112101099
112107147
